          1               103           1
          1               223           1
          1              1420           1
          1             90020           1
          5               103           1
          5               223           1
          5              1420           1
          5             90020           1
          7               103           1
          7               223           1
          7              1420           1
          7             90020           1
          7           1013943           1
          9               103           1
          9               223           1
          9              1420           1
          9             90020           1
          9           1013943           1
         10               103           1
         10               223           1
